1.01032 0
1.03896 0
1.04728 0
1.0676 0
1.07592 0
1.08424 0
1.09256 0
1.10088 0
1.1092 0.142857
1.11752 0.125
1.12584 0.111111
1.13416 0.1
1.14248 0.0909091
1.1508 0.0833333
1.15912 0.0769231
1.16744 0.0714286
1.17576 0
1.18408 0
1.1924 0
1.20072 0
1.20904 0
1.21736 0
1.22568 0
1.234 0
1.26264 0
1.27096 0
1.29128 0
1.2996 0
1.30792 0
1.31624 0
1.32456 0
1.33288 0
1.3412 0
1.34952 0
1.35784 0.0666667
1.36616 0
1.37448 0
1.3828 0
1.39112 0.0625
1.39944 0
1.40776 0
1.41608 0
1.4244 0
1.43272 0
1.44104 0
1.44936 0
1.45768 0
1.466 0
1.49464 0
1.50296 0
1.52328 0
1.5316 0
1.53992 0
1.54824 0
1.56024 0
1.56856 0
1.57688 0
1.5852 0
1.59352 0
1.60184 0
1.61016 0
1.61848 0
1.6268 0
1.63512 0
1.64344 0
1.65176 0
1.66008 0
1.6684 0
1.67672 0
1.68504 0
1.69336 0
1.70168 0
1.71 0
1.71832 0
1.72664 0
1.73496 0
1.74328 0
1.7516 0
1.75992 0.0588235
1.76824 0
1.77656 0
1.78488 0
1.7932 0
1.80152 0
1.80984 0
1.81816 0
1.82648 0
1.8348 0
1.84312 0
1.85144 0
1.85976 0
1.86808 0
1.8764 0
1.88472 0
1.91336 0
1.92168 0
1.942 0
1.95032 0
1.95864 0
1.96696 0
1.97528 0
1.9836 0
1.99192 0
2.00024 0
2.00856 0
2.01032 0
2.01688 0
2.0252 0
2.03352 0
2.03896 0
2.04184 0
2.04728 0
2.05016 0
2.05848 0
2.0668 0
2.0676 0
2.07512 0
2.07592 0
2.08344 0
2.08424 0
2.09176 0
2.09256 0
2.10008 0
2.10088 0
2.1084 0.0416667
2.1092 0
2.11672 0.04
2.11752 0
2.12504 0.0384615
2.12584 0
2.13336 0.037037
2.13416 0
2.14168 0.0357143
2.14248 0
2.15 0.0666667
2.1508 0
2.15832 0.0322581
2.15912 0
2.16664 0.03125
2.16744 0
2.17496 0
2.17576 0
2.18328 0
2.18408 0
2.1916 0
2.1924 0
2.19992 0
2.20072 0
2.20824 0
2.20904 0
2.21656 0
2.21736 0
2.22488 0
2.22568 0
2.2332 0
2.234 0
2.24152 0
2.24984 0
2.25816 0
2.26264 0
2.26648 0
2.27096 0
2.2748 0
2.29128 0
2.2996 0
2.30344 0
2.30792 0
2.31176 0
2.31624 0
2.32456 0
2.33208 0
2.33288 0
2.3404 0
2.3412 0
2.34872 0
2.34952 0
2.35704 0.0333333
2.35784 0
2.36536 0
2.36616 0
2.37368 0
2.37448 0
2.382 0
2.3828 0
2.39032 0.03125
2.39112 0
2.39864 0
2.39944 0
2.40696 0
2.40776 0
2.41528 0
2.41608 0
2.4236 0
2.4244 0
2.43192 0
2.43272 0
2.44024 0
2.44104 0
2.44856 0
2.44936 0
2.45688 0
2.45768 0
2.4652 0
2.466 0
2.47352 0
2.48184 0
2.49016 0
2.49464 0
2.49848 0
2.50296 0
2.5068 0
2.51512 0
2.52328 0
2.52344 0
2.5316 0
2.53176 0
2.53992 0
2.54008 0
2.54824 0
2.56024 0
2.56856 0
2.57688 0
2.5852 0
2.59352 0
2.60184 0
2.61016 0
2.61848 0
2.6268 0
2.63512 0
2.64344 0
2.65176 0
2.66008 0
2.6684 0
2.67672 0
2.68504 0
2.69336 0
2.70168 0
2.71 0
2.71832 0
2.72664 0
2.73496 0
2.74328 0
2.7516 0
2.75992 0.0344828
2.76824 0
2.77656 0
2.78488 0
2.7932 0
2.80152 0
2.80984 0
2.81816 0
2.82648 0
2.8348 0
2.84312 0
2.85144 0
2.85976 0
2.86808 0
2.8764 0
2.88472 0
2.91336 0
2.92168 0
2.942 0
2.95032 0
2.95864 0
2.96696 0
2.97528 0
2.9836 0
2.99192 0
3.00024 0
3.00856 0
3.01032 0
3.01688 0
3.0252 0
3.03352 0
3.03896 0
3.04184 0
3.04728 0
3.05016 0
3.05848 0
3.0668 0
3.0676 0
3.07512 0
3.07592 0
3.08344 0
3.08424 0
3.09176 0
3.09256 0
3.10008 0
3.10088 0
3.1084 0.0277778
3.1092 0
3.11672 0.027027
3.11752 0
3.12504 0.0263158
3.12584 0
3.13336 0.025641
3.13416 0
3.14168 0.025
3.14248 0
3.15 0.047619
3.1508 0
3.15832 0.0232558
3.15912 0
3.16664 0.0227273
3.16744 0
3.17496 0
3.17576 0
3.18328 0
3.18408 0
3.1916 0
3.1924 0
3.19992 0
3.20072 0
3.20824 0
3.20904 0
3.21656 0
3.21736 0
3.22488 0
3.22568 0
3.2332 0
3.234 0
3.24152 0
3.24984 0
3.25816 0
3.26264 0
3.26648 0
3.27096 0
3.2748 0
3.29128 0
3.2996 0
3.30344 0
3.30792 0
3.31176 0
3.31624 0
3.32456 0
3.33208 0
3.33288 0
3.3404 0
3.3412 0
3.34872 0
3.34952 0
3.35704 0.0238095
3.35784 0
3.36536 0
3.36616 0
3.37368 0
3.37448 0
3.382 0
3.3828 0
3.39032 0.0227273
3.39112 0
3.39864 0
3.39944 0
3.40696 0
3.40776 0
3.41528 0
3.41608 0
3.4236 0
3.4244 0
3.43192 0
3.43272 0
3.44024 0
3.44104 0
3.44856 0
3.44936 0
3.45688 0
3.45768 0
3.4652 0
3.466 0
3.47352 0
3.48184 0
3.49016 0
3.49464 0
3.49848 0
3.50296 0
3.5068 0
3.51032 0
3.51512 0
3.52328 0
3.52344 0
3.5316 0
3.53176 0
3.53896 0
3.53992 0
3.54008 0
3.54728 0
3.54824 0
3.56024 0
3.5676 0
3.56856 0
3.57592 0
3.57688 0
3.58424 0
3.5852 0
3.59256 0
3.59352 0
3.60088 0
3.60184 0
3.6092 0
3.61016 0
3.61752 0
3.61848 0
3.62584 0
3.6268 0
3.63416 0
3.63512 0
3.64248 0
3.64344 0
3.6508 0
3.65176 0
3.65912 0
3.66008 0
3.66744 0
3.6684 0
3.67576 0
3.67672 0
3.68408 0
3.68504 0
3.6924 0
3.69336 0
3.70072 0
3.70168 0
3.70904 0
3.71 0
3.71736 0
3.71832 0
3.72568 0
3.72664 0
3.734 0
3.73496 0
3.74232 0
3.74328 0
3.75064 0
3.7516 0
3.75896 0.0166667
3.75992 0
3.76728 0
3.76824 0
3.7756 0
3.77656 0
3.78392 0
3.78488 0
3.79224 0
3.7932 0
3.80056 0
3.80152 0
3.80888 0
3.80984 0
3.8172 0
3.81816 0
3.82552 0
3.82648 0
3.83384 0
3.8348 0
3.84216 0
3.84312 0
3.85048 0
3.85144 0
3.8588 0
3.85976 0
3.86712 0
3.86808 0
3.87544 0
3.8764 0
3.88376 0
3.88472 0
3.89208 0
3.9004 0
3.90872 0
3.91336 0
3.91704 0
3.92168 0
3.92536 0
3.93368 0
3.942 0
3.942 0
3.95032 0
3.95032 0
3.95864 0
3.95864 0
3.96696 0
3.96696 0
3.97528 0
3.97528 0
3.9836 0
3.9836 0
3.99192 0
3.99192 0
4.00024 0
4.00024 0
4.00856 0
4.00856 0
4.01688 0
4.01688 0
4.0252 0
4.0252 0
4.03352 0
4.03352 0
4.04184 0
4.04184 0
4.05016 0
4.05016 0
4.05848 0
4.05848 0
4.0668 0
4.0668 0
4.07512 0
4.07512 0
4.08344 0
4.08344 0
4.09176 0
4.09176 0
4.10008 0
4.10008 0
4.1084 0
4.1084 0
4.11672 0
4.11672 0
4.12504 0
4.12504 0
4.13336 0
4.13336 0
4.14168 0
4.14168 0
4.15 0.0163934
4.15 0
4.15832 0
4.15832 0
4.16664 0
4.16664 0
4.17496 0
4.17496 0
4.18328 0
4.18328 0
4.1916 0
4.1916 0
4.19992 0
4.19992 0
4.20824 0
4.20824 0
4.21656 0
4.21656 0
4.22488 0
4.22488 0
4.2332 0
4.2332 0
4.24152 0
4.24152 0
4.24984 0
4.24984 0
4.25816 0
4.25816 0
4.26648 0
4.26648 0
4.2748 0
4.2748 0
4.28312 0
4.29144 0
4.29976 0
4.30344 0
4.30808 0
4.31176 0
4.3164 0
4.32472 0
4.33208 0
4.33304 0
4.3404 0
4.34136 0
4.34872 0
4.34968 0
4.35704 0
4.358 0
4.36536 0
4.36632 0
4.37368 0
4.37464 0
4.382 0
4.38296 0
4.39032 0
4.39128 0
4.39864 0
4.3996 0
4.40696 0
4.40792 0
4.41528 0
4.41624 0
4.4236 0
4.42456 0
4.43192 0
4.43288 0
4.44024 0
4.4412 0
4.44856 0
4.44952 0
4.45688 0
4.45784 0
4.4652 0
4.46616 0
4.47352 0
4.47448 0
4.48184 0
4.4828 0
4.49016 0
4.49112 0
4.49848 0
4.49944 0
4.5068 0
4.50776 0
4.51512 0
4.51608 0
4.52344 0
4.5244 0
4.53176 0
4.53272 0
4.54008 0
4.54104 0
4.54936 0
4.55768 0
4.566 0
4.57432 0
4.58264 0
4.59096 0
4.59928 0
4.6076 0
4.61592 0
4.62424 0
4.63256 0
4.64088 0
4.6492 0
4.65752 0
4.66584 0
4.67416 0
4.68248 0
4.6908 0
4.69912 0
4.70744 0
4.71576 0
4.72408 0
4.7324 0
4.74072 0
4.74904 0
4.75736 0
4.76568 0
4.774 0
4.78232 0
4.79064 0
4.79896 0
4.80728 0
4.8156 0
4.82392 0
4.83224 0
4.84056 0
4.84888 0
4.8572 0
4.86552 0
4.87384 0
4.88216 0
4.89048 0
4.8988 0
4.90712 0
4.91544 0
4.92376 0
4.93208 0
4.9404 0
4.94872 0
4.95704 0
4.96536 0
4.97368 0
4.982 0
4.99032 0
4.99864 0
5.00696 0
5.01528 0
5.0236 0
5.03192 0
5.04024 0
5.04856 0
5.05688 0
5.0652 0
5.07352 0
5.08184 0
5.09016 0
5.09848 0
5.1068 0
5.11512 0
5.12344 0
5.13176 0
5.14008 0
5.1484 0
