1 0
1.01 0.32
1.02 0
1.03 0
1.04 8.32
1.05 0.32
1.06 0
1.07 8.32
1.08 8.32
1.09 8.32
1.1 8.32
1.11 0.64
1.12 8.32
1.13 8.32
1.14 8.32
1.15 8.32
1.16 0.64
1.17 8.32
1.18 8.32
1.19 8.32
1.2 8.32
1.21 0.64
1.22 8.32
1.23 8.32
1.24 8.32
1.25 8.32
1.26 0.64
1.27 8.32
1.28 8.32
1.29 8.32
1.3 8.32
1.31 0.64
1.32 8.32
1.33 8.32
1.34 8.32
1.35 8.32
1.36 0.64
1.37 8.32
1.38 8.32
1.39 8.32
1.4 8.32
1.41 0.64
1.42 8.32
1.43 8.32
1.44 8.32
1.45 8.32
1.46 0.64
1.47 8.32
1.48 8.32
1.49 8.32
1.5 8.32
1.51 0.64
1.52 8.32
1.53 8.32
1.54 8.32
1.55 8.32
1.56 0.64
1.57 8.32
1.58 8.32
1.59 8.32
1.6 8.32
1.61 0.64
1.62 8.32
1.63 8.32
1.64 8.32
1.65 0.64
1.66 0.32
1.67 8.32
1.68 8.32
1.69 8.32
1.7 0.64
1.71 0.32
1.72 8.32
1.73 8.32
1.74 8.32
1.75 0.64
1.76 0.32
1.77 8.32
1.78 8.32
1.79 8.32
1.8 0.64
1.81 0.32
1.82 8.32
1.83 8.32
1.84 8.32
1.85 0.64
1.86 8.32
1.87 8.32
1.88 8.32
1.89 8.32
1.9 0.64
1.91 8.32
1.92 8.32
1.93 8.32
1.94 8.32
1.95 0.64
1.96 8.32
1.97 8.32
1.98 8.32
1.99 8.32
2 0.64
2.01 0.32
2.02 0.64
2.03 8.32
2.04 16.64
2.05 0.96
2.06 8.32
2.07 16.64
2.08 16.64
2.09 16.64
2.1 24.96
2.11 0.96
2.12 16.64
2.13 16.64
2.14 16.64
2.15 24.96
2.16 0.96
2.17 16.64
2.18 16.64
2.19 16.64
2.2 24.96
2.21 0.96
2.22 16.64
2.23 16.64
2.24 16.64
2.25 24.96
2.26 0.96
2.27 16.64
2.28 16.64
2.29 16.64
2.3 24.96
2.31 0.96
2.32 16.64
2.33 16.64
2.34 16.64
2.35 24.96
2.36 0.96
2.37 16.64
2.38 16.64
2.39 16.64
2.4 24.96
2.41 0.96
2.42 16.64
2.43 16.64
2.44 16.64
2.45 24.96
2.46 0.96
2.47 16.64
2.48 16.64
2.49 16.64
2.5 24.96
2.51 0.96
2.52 16.64
2.53 16.64
2.54 16.64
2.55 24.96
2.56 0.96
2.57 16.64
2.58 16.64
2.59 16.64
2.6 24.96
2.61 0.96
2.62 16.64
2.63 16.64
2.64 16.64
2.65 24.96
2.66 0.64
2.67 8.32
2.68 8.32
2.69 8.32
2.7 0.64
2.71 0.32
2.72 8.32
2.73 8.32
2.74 8.32
2.75 0.64
2.76 0.32
2.77 8.32
2.78 8.32
2.79 8.32
2.8 0.64
2.81 0.32
2.82 8.32
2.83 8.32
2.84 8.32
2.85 0.64
2.86 0.32
2.87 8.32
2.88 8.32
2.89 8.32
2.9 0.64
2.91 8.32
2.92 8.32
2.93 8.32
2.94 8.32
2.95 0.64
2.96 8.32
2.97 8.32
2.98 8.32
2.99 8.32
3 0.64
3.01 0.32
3.02 0.64
3.03 8.32
3.04 16.64
3.05 0.96
3.06 8.32
3.07 16.64
3.08 16.64
3.09 16.64
3.1 24.96
3.11 0.96
3.12 16.64
3.13 16.64
3.14 16.64
3.15 24.96
3.16 0.96
3.17 16.64
3.18 16.64
3.19 16.64
3.2 24.96
3.21 0.96
3.22 16.64
3.23 16.64
3.24 16.64
3.25 24.96
3.26 0.96
3.27 16.64
3.28 16.64
3.29 16.64
3.3 24.96
3.31 0.96
3.32 16.64
3.33 16.64
3.34 16.64
3.35 24.96
3.36 0.96
3.37 16.64
3.38 16.64
3.39 16.64
3.4 24.96
3.41 0.96
3.42 16.64
3.43 16.64
3.44 16.64
3.45 24.96
3.46 0.96
3.47 16.64
3.48 16.64
3.49 16.64
3.5 0.96
3.51 0.96
3.52 0.96
3.53 16.64
3.54 24.96
3.55 33.28
3.56 0.96
3.57 24.96
3.58 24.96
3.59 24.96
3.6 33.28
3.61 1.6
3.62 24.96
3.63 24.96
3.64 24.96
3.65 33.28
3.66 1.28
3.67 16.64
3.68 16.64
3.69 16.64
3.7 24.96
3.71 0.96
3.72 16.64
3.73 16.64
3.74 16.64
3.75 24.96
3.76 0.96
3.77 16.64
3.78 16.64
3.79 16.64
3.8 24.96
3.81 0.96
3.82 16.64
3.83 16.64
3.84 16.64
3.85 24.96
3.86 0.96
3.87 16.64
3.88 16.64
3.89 16.64
3.9 24.96
3.91 0.96
3.92 16.64
3.93 16.64
3.94 16.64
3.95 24.96
3.96 0.96
3.97 16.64
3.98 16.64
3.99 16.64
4 24.96
4.01 0.96
4.02 16.64
4.03 16.64
4.04 16.64
4.05 24.96
4.06 0.96
4.07 16.64
4.08 16.64
4.09 16.64
4.1 24.96
4.11 0.96
4.12 16.64
4.13 16.64
4.14 16.64
4.15 24.96
4.16 0.96
4.17 16.64
4.18 16.64
4.19 16.64
4.2 1.28
4.21 0.64
4.22 16.64
4.23 16.64
4.24 16.64
4.25 1.28
4.26 0.64
4.27 16.64
4.28 16.64
4.29 16.64
4.3 1.28
4.31 0.64
4.32 16.64
4.33 16.64
4.34 16.64
4.35 1.28
4.36 0.64
4.37 16.64
4.38 16.64
4.39 16.64
4.4 1.28
4.41 16.64
4.42 16.64
4.43 16.64
4.44 16.64
4.45 1.28
4.46 16.64
4.47 16.64
4.48 16.64
4.49 16.64
4.5 1.28
4.51 16.64
4.52 16.64
4.53 16.64
4.54 16.64
4.55 1.28
4.56 16.64
4.57 16.64
4.58 16.64
4.59 16.64
4.6 1.28
4.61 16.64
4.62 16.64
4.63 16.64
4.64 16.64
4.65 1.28
4.66 8.32
4.67 8.32
4.68 8.32
4.69 8.32
4.7 0.64
4.71 8.32
4.72 8.32
4.73 8.32
4.74 8.32
4.75 0.64
4.76 8.32
4.77 8.32
4.78 8.32
4.79 8.32
4.8 0.64
4.81 8.32
4.82 8.32
4.83 8.32
4.84 8.32
4.85 0.64
4.86 8.32
4.87 8.32
4.88 8.32
4.89 8.32
4.9 0.64
4.91 8.32
4.92 8.32
4.93 8.32
4.94 8.32
4.95 0.64
4.96 8.32
4.97 8.32
4.98 8.32
4.99 8.32
5 0.64
5.01 8.32
5.02 8.32
5.03 8.32
5.04 8.32
5.05 0.64
5.06 8.32
5.07 8.32
5.08 8.32
5.09 8.32
5.1 0.64
5.11 8.32
5.12 8.32
5.13 8.32
5.14 8.32
5.15 0.64
