0 0
0.01 0
0.02 0
0.03 0
0.04 0
0.05 0
0.06 0
0.07 0
0.08 0
0.09 0
0.1 0
0.11 0
0.12 0
0.13 0
0.14 0
0.15 0
0.16 0
0.17 0
0.18 0
0.19 0
0.2 0
0.21 0
0.22 0
0.23 0
0.24 0
0.25 0
0.26 0
0.27 0
0.28 0
0.29 0
0.3 0
0.31 0
0.32 0
0.33 0
0.34 0
0.35 0
0.36 0
0.37 4
0.38 0
0.39 0
0.4 0
0.41 0
0.42 4
0.43 0
0.44 0
0.45 0
0.46 0
0.47 4
0.48 0
0.49 0
0.5 0
0.51 0
0.52 4
0.53 4
0.54 16
0.55 24
0.56 24
0.57 24
0.58 24
0.59 24
0.6 24
0.61 24
0.62 24
0.63 24
0.64 24
0.65 24
0.66 24
0.67 24
0.68 24
0.69 24
0.7 24
0.71 24
0.72 24
0.73 24
0.74 24
0.75 24
0.76 24
0.77 24
0.78 24
0.79 24
0.8 24
0.81 24
0.82 24
0.83 24
0.84 24
0.85 24
0.86 24
0.87 24
0.88 24
0.89 24
0.9 24
0.91 24
0.92 24
0.93 24
0.94 24
0.95 24
0.96 24
0.97 24
0.98 24
0.99 24
1 24
1.01 0.224
1.02 0.168
1.03 0.112
1.04 0.112
1.05 0.224
1.06 20
1.07 24
1.08 32
1.09 32
1.1 32
1.11 32
1.12 32
1.13 32
1.14 32
1.15 32
1.16 32
1.17 32
1.18 32
1.19 32
1.2 32
1.21 32
1.22 32
1.23 32
1.24 32
1.25 32
1.26 32
1.27 32
1.28 32
1.29 32
1.3 32
1.31 32
1.32 32
1.33 32
1.34 32
1.35 32
1.36 32
1.37 32
1.38 32
1.39 32
1.4 32
1.41 32
1.42 32
1.43 32
1.44 32
1.45 32
1.46 32
1.47 32
1.48 32
1.49 32
1.5 32
1.51 32
1.52 32
1.53 32
1.54 32
1.55 32
1.56 32
1.57 32
1.58 32
1.59 32
1.6 32
1.61 32
1.62 32
1.63 32
1.64 32
1.65 32
1.66 32
1.67 32
1.68 32
1.69 32
1.7 32
1.71 32
1.72 32
1.73 32
1.74 32
1.75 32
1.76 32
1.77 32
1.78 32
1.79 32
1.8 32
1.81 32
1.82 32
1.83 32
1.84 32
1.85 32
1.86 32
1.87 32
1.88 32
1.89 32
1.9 0.448
1.91 0.448
1.92 32
1.93 32
1.94 32
1.95 32
1.96 32
1.97 32
1.98 32
1.99 32
2 32
2.01 0.448
2.02 0.448
2.03 0.448
2.04 32
2.05 32
2.06 32
2.07 32
2.08 32
2.09 24
2.1 24
2.11 24
2.12 24
2.13 24
2.14 24
2.15 24
2.16 24
2.17 24
2.18 24
2.19 24
2.2 24
2.21 24
2.22 24
2.23 24
2.24 24
2.25 24
2.26 24
2.27 24
2.28 24
2.29 24
2.3 24
2.31 24
2.32 24
2.33 24
2.34 24
2.35 24
2.36 24
2.37 24
2.38 24
2.39 24
2.4 24
2.41 24
2.42 24
2.43 24
2.44 24
2.45 24
2.46 24
2.47 24
2.48 24
2.49 24
2.5 24
2.51 24
2.52 24
2.53 24
2.54 24
2.55 24
2.56 24
2.57 24
2.58 24
2.59 24
2.6 24
2.61 24
2.62 24
2.63 24
2.64 24
2.65 24
2.66 24
2.67 24
2.68 24
2.69 24
2.7 24
2.71 24
2.72 24
2.73 24
2.74 24
2.75 24
2.76 24
2.77 24
2.78 24
2.79 24
2.8 24
2.81 24
2.82 24
2.83 24
2.84 24
2.85 24
2.86 24
2.87 24
2.88 24
2.89 24
2.9 24
2.91 24
2.92 24
2.93 24
2.94 24
2.95 24
2.96 24
2.97 24
2.98 24
2.99 24
3 24
3.01 24
3.02 24
3.03 24
3.04 24
3.05 24
3.06 24
3.07 24
3.08 24
3.09 24
3.1 24
3.11 24
3.12 24
3.13 24
3.14 24
3.15 24
3.16 24
3.17 24
3.18 24
3.19 24
3.2 24
3.21 24
3.22 24
3.23 24
3.24 24
3.25 24
3.26 24
3.27 24
3.28 24
3.29 24
3.3 24
3.31 24
3.32 24
3.33 24
3.34 24
3.35 24
3.36 24
3.37 24
3.38 24
3.39 24
3.4 24
3.41 24
3.42 24
3.43 24
3.44 24
3.45 24
3.46 24
3.47 24
3.48 24
3.49 24
3.5 24
3.51 24
3.52 24
3.53 24
3.54 24
3.55 24
3.56 24
3.57 24
3.58 24
3.59 24
3.6 24
3.61 24
3.62 24
3.63 24
3.64 24
3.65 24
3.66 24
3.67 24
3.68 24
3.69 24
3.7 24
3.71 24
3.72 24
3.73 24
3.74 24
3.75 24
3.76 24
3.77 24
3.78 24
3.79 24
3.8 24
3.81 24
3.82 24
3.83 24
3.84 24
3.85 24
3.86 24
3.87 24
3.88 24
3.89 24
3.9 24
3.91 24
3.92 24
3.93 24
3.94 24
3.95 24
3.96 24
3.97 24
3.98 24
3.99 24
4 24
4.01 24
4.02 24
4.03 24
4.04 24
4.05 24
4.06 24
4.07 24
4.08 24
4.09 24
4.1 24
4.11 24
4.12 24
4.13 24
4.14 24
4.15 24
4.16 24
4.17 24
4.18 24
4.19 24
4.2 24
4.21 24
4.22 24
4.23 24
4.24 24
4.25 24
4.26 24
4.27 24
4.28 24
4.29 24
4.3 24
4.31 24
4.32 24
4.33 24
4.34 24
4.35 24
4.36 24
4.37 24
4.38 24
4.39 24
4.4 24
4.41 24
4.42 24
4.43 24
4.44 24
4.45 24
4.46 24
4.47 24
4.48 24
4.49 24
4.5 24
4.51 24
4.52 20
4.53 16
4.54 8
