0.010226 0
0.010226 0
0.017158 0
0.017158 0
0.020282 0
0.020282 0
0.020282 0
0.020282 0
0.027214 0
0.027214 0
0.027214 0
0.027214 0
0.030338 0
0.030338 0
0.030338 0
0.030338 0
0.030338 0
0.030338 0
0.030394 0
0.030394 0
0.03727 0
0.03727 0
0.03727 0
0.03727 0
0.03727 0
0.03727 0
0.040394 0
0.040394 0
0.040394 0
0.040394 0
0.040394 0
0.040394 0
0.04045 0
0.04045 0
0.04045 0
0.04045 0
0.047326 0
0.047326 0
0.047326 0
0.047326 0
0.047326 0
0.047326 0
0.047326 0
0.047326 0
0.05045 0
0.05045 0
0.050506 0
0.050506 0
0.050506 0
0.050506 0
0.054117 0
0.054117 0
0.057382 0
0.057382 0
0.057382 0
0.057382 0
0.166537 0
0.166537 0
0.230643 0
0.230643 0
0.287996 0
0.287996 0
0.409634 0
0.409634 0
0.518 0.625
0.526 0.285714
0.534 0.285714
0.536 0.142857
0.542 0.125
0.544 0
0.55 0.222222
0.552 0.111111
0.554 0
0.558 0.222222
0.56 0
0.562 0.111111
0.566 0.111111
0.568 0
0.57 0
0.574 0.222222
0.576 0.111111
0.578 0
0.582 0.111111
0.584 0
0.586 0.2
0.59 0
0.592 0.111111
0.594 0
0.598 0.222222
0.6 0
0.602 0.111111
0.606 0.111111
0.608 0
0.61 0
0.614 0.222222
0.616 0.111111
0.618 0
0.622 0.111111
0.624 0
0.626 0.2
0.63 0
0.632 0.111111
0.634 0
0.638 0.222222
0.64 0
0.642 0.111111
0.646 0.111111
0.648 0
0.65 0
0.654 0.222222
0.656 0.111111
0.658 0
0.662 0.111111
0.664 0
0.666 0.2
0.67 0
0.672 0.111111
0.674 0
0.678 0.222222
0.68 0
0.682 0.111111
0.686 0.111111
0.688 0
0.69 0
0.694 0.222222
0.696 0.111111
0.698 0
0.702 0.111111
0.704 0
0.706 0.2
0.71 0
0.712 0.111111
0.714 0
0.718 0.222222
0.72 0
0.722 0.111111
0.726 0.111111
0.728 0
0.73 0
0.734 0.222222
0.736 0.111111
0.738 0
0.742 0.111111
0.744 0
0.746 0.2
0.75 0
0.752 0.111111
0.754 0
0.758 0.222222
0.76 0
0.762 0.111111
0.766 0.111111
0.768 0
0.77 0
0.774 0.222222
0.776 0.111111
0.778 0
0.782 0.111111
0.784 0
0.786 0.2
0.79 0
0.792 0.111111
0.794 0
0.798 0.222222
0.8 0
0.802 0.111111
0.806 0.111111
0.808 0
0.81 0
0.814 0.222222
0.816 0.111111
0.818 0
0.822 0.111111
0.824 0
0.826 0.2
0.83 0
0.832 0.111111
0.834 0
0.838 0.222222
0.84 0
0.842 0.111111
0.846 0.111111
0.848 0
0.85 0
0.854 0.222222
0.856 0.111111
0.858 0
0.862 0.111111
0.864 0
0.866 0.2
0.87 0
0.872 0.111111
0.874 0
0.878 0.222222
0.88 0
0.882 0.111111
0.886 0.111111
0.888 0
0.89 0
0.894 0.222222
0.896 0.111111
0.898 0
0.902 0.111111
0.904 0
0.906 0.2
0.91 0
0.912 0.111111
0.914 0
0.918 0.222222
0.92 0
0.922 0.111111
0.926 0.111111
0.928 0
0.93 0
0.934 0.222222
0.936 0.111111
0.938 0
0.942 0.111111
0.944 0
0.946 0.2
0.95 0
0.952 0.111111
0.954 0
0.958 0.222222
0.96 0
0.962 0.111111
0.966 0.111111
0.968 0
0.97 0
0.974 0.222222
0.976 0.111111
0.978 0
0.982 0.111111
0.984 0
0.986 0.2
0.99 0
0.992 0.111111
0.994 0
0.998 0.222222
1.002 0.363636
1.006 0.125
1.01 0.25
1.010056 0
1.010056 0.166667
1.014 0
1.020112 0
1.020112 0
1.020112 0
1.022 0
1.03 0
1.030168 0
1.030168 0
1.030168 0
1.030168 0
1.030168 0
1.033 0
1.040224 0
1.040224 0
1.040224 0
1.041 0
1.049 0
1.05028 0
1.05028 0
1.051 0
1.057 0
1.059 0
1.065 0
1.067 0
1.069 0
1.073 0
1.075 0
1.077 0
1.081 0
1.083 0
1.085 0
1.087 0
1.089 0
1.089056 0
1.091 0
1.093 0
1.095 0
1.097056 0
1.099 0
1.101 0
1.103 0
1.105056 0
1.107 0
1.109 0
1.111 0
1.113056 0
1.115056 0
1.117 0
1.119 0
1.121056 0
1.123056 0
1.125 0
1.127 0
1.129056 0
1.131056 0
1.133056 0
1.135 0
1.137056 0
1.139056 0
1.141056 0
1.143 0
1.145056 0
1.147056 0
1.149056 0
1.151056 0
1.153056 0
1.155056 0
1.157056 0
1.159056 0
1.161056 0
1.163056 0
1.165056 0
1.167056 0
1.169056 0
1.171056 0
1.173056 0
1.175056 0
1.177056 0
1.179056 0
1.181056 0
1.183056 0
1.185056 0
1.187056 0
1.189056 0
1.191056 0.0169492
1.193056 0
1.195056 0.0169492
1.197056 0
1.199056 0
1.201056 0.0169492
1.203056 0
1.205056 0.0333333
1.207056 0
1.209056 0
1.211056 0.0169492
1.213056 0
1.215056 0.0333333
1.217056 0
1.219056 0
1.221056 0.0169492
1.223056 0
1.225056 0.0169492
1.227056 0
1.229056 0
1.231056 0.0333333
1.233056 0
1.235056 0.0169492
1.237056 0
1.239056 0
1.241056 0.0169492
1.243056 0
1.245056 0.0333333
1.247056 0
1.249056 0
1.251056 0.0169492
1.253056 0
1.255056 0.0333333
1.257056 0
1.259056 0
1.261056 0.0169492
1.263056 0
1.265056 0.0169492
1.267056 0
1.269056 0
1.271056 0.0333333
1.273056 0
1.275056 0.0169492
1.277056 0
1.279056 0
1.281056 0.0169492
1.283056 0
1.285056 0.0333333
1.287056 0
1.289056 0
1.291056 0.0169492
1.293056 0
1.295056 0.0333333
1.297056 0
1.299056 0
1.301056 0.0169492
1.303056 0
1.305056 0.0169492
1.307056 0
1.309056 0
1.311056 0.0333333
1.313056 0
1.315056 0.0169492
1.317056 0
1.319056 0
1.321056 0.0169492
1.323056 0
1.325056 0.0333333
1.327056 0
1.329056 0
1.331056 0.0169492
1.333056 0
1.335056 0.0333333
1.337056 0
1.339056 0
1.341056 0.0169492
1.343056 0
1.345056 0.0169492
1.347056 0
1.349056 0
1.351056 0.0333333
1.353056 0
1.355056 0.0169492
1.357056 0
1.359056 0
1.361056 0.0169492
1.363056 0
1.365056 0.0333333
1.367056 0
1.369056 0
1.371056 0.0169492
1.373056 0
1.375056 0.0333333
1.377056 0
1.379056 0
1.381056 0.0169492
1.383056 0
1.385056 0.0169492
1.387056 0
1.389056 0
1.391056 0.0333333
1.393056 0
1.395056 0.0169492
1.397056 0
1.399056 0
1.401056 0.0169492
1.403056 0
1.405056 0.0333333
1.407056 0
1.409056 0
1.411056 0.0169492
1.413056 0
1.415056 0.0333333
1.417056 0
1.419056 0
1.421056 0.0169492
1.423056 0
1.425056 0.0169492
1.427056 0
1.429056 0
1.431056 0.0333333
1.433056 0
1.435056 0.0169492
1.437056 0
1.439056 0
1.441056 0.0169492
1.443056 0
1.445056 0.0333333
1.447056 0
1.449056 0
1.451056 0.0169492
1.453056 0
1.455056 0.0333333
1.457056 0
1.459056 0
1.461056 0.0169492
1.463056 0
1.465056 0.0169492
1.467056 0
1.469056 0
1.471056 0.0333333
1.473056 0
1.475056 0.0169492
1.477056 0
1.479056 0
1.481056 0.0169492
1.483056 0
1.485056 0.0333333
1.487056 0
1.489056 0
1.491056 0.0169492
1.493056 0
1.495056 0.0333333
1.497056 0
1.499056 0
1.501056 0.0169492
1.503056 0
1.505056 0.0169492
1.507056 0
1.509056 0
1.511056 0.0333333
1.513056 0
1.515056 0.0169492
1.517056 0
1.519056 0
1.521056 0.0169492
1.523056 0
1.525056 0.0333333
1.527056 0
1.529056 0
1.531056 0.0169492
1.533056 0
1.535056 0.0333333
1.537056 0
1.539056 0
1.541056 0.0169492
1.543056 0
1.545056 0.0169492
1.547056 0
1.549056 0
1.551056 0.0333333
1.553056 0
1.555056 0.0169492
1.557056 0
1.559056 0
1.561056 0.0169492
1.563056 0
1.565056 0.0333333
1.567056 0
1.569056 0
1.571056 0.0169492
1.573056 0
1.575056 0.0333333
1.577056 0
1.579056 0
1.581056 0.0169492
1.583056 0
1.585056 0.0169492
1.587056 0
1.589056 0
1.591056 0.0333333
1.593056 0
1.595056 0.0169492
1.597056 0
1.599056 0
1.601056 0.0169492
1.603056 0
1.605056 0.0333333
1.607056 0
1.609056 0
1.611056 0.0169492
1.613056 0
1.615056 0.0333333
1.617056 0
1.619056 0
1.621056 0.0169492
1.623056 0
1.625056 0.0169492
1.627056 0
1.629056 0
1.631056 0.0333333
1.633056 0
1.635056 0.0169492
1.637056 0
1.639056 0
1.641056 0.0169492
1.643056 0
1.645056 0.0333333
1.647056 0
1.649056 0
1.651056 0.0169492
1.653056 0
1.655056 0.0333333
1.657056 0
1.659056 0
1.661056 0.0169492
1.663056 0
1.665056 0.0169492
1.667056 0
1.669056 0
1.671056 0.0333333
1.673056 0
1.675056 0.0169492
1.677056 0
1.679056 0
1.681056 0.0169492
1.683056 0
1.685056 0.0333333
1.687056 0
1.689056 0
1.691056 0.0169492
1.693056 0
1.695056 0.0333333
1.697056 0
1.699056 0
1.701056 0.0169492
1.703056 0
1.705056 0.0169492
1.707056 0
1.709056 0
1.711056 0.0333333
1.713056 0
1.715056 0.0169492
1.717056 0
1.719056 0
1.721056 0.0169492
1.723056 0
1.725056 0.0333333
1.727056 0
1.729056 0
1.731056 0.0169492
1.733056 0
1.735056 0.0333333
1.737056 0
1.739056 0
1.741056 0.0169492
1.743056 0
1.745056 0.0169492
1.747056 0
1.749056 0
1.751056 0.0333333
1.753056 0
1.755056 0.0169492
1.757056 0
1.759056 0
1.761056 0.0169492
1.763056 0
1.765056 0.0333333
1.767056 0
1.769056 0
1.771056 0.0169492
1.773056 0
1.775056 0.0333333
1.777056 0
1.779056 0
1.781056 0.0169492
1.783056 0
1.785056 0.0169492
1.787056 0
1.789056 0
1.791056 0.0333333
1.793056 0
1.795056 0.0169492
1.797056 0
1.799056 0
1.801056 0.0169492
1.803056 0
1.805056 0.0333333
1.807056 0
1.809056 0
1.811056 0.0169492
1.813056 0
1.815056 0.0333333
1.817056 0
1.819056 0
1.821056 0.0169492
1.823056 0
1.825056 0.0169492
1.827056 0
1.829056 0
1.831056 0.0333333
1.833056 0
1.835056 0.0169492
1.837056 0
1.839056 0
1.841056 0.0169492
1.843056 0
1.845056 0.0333333
1.847056 0
1.849056 0
1.851056 0.0169492
1.853056 0
1.855056 0.0333333
1.857056 0
1.859056 0
1.861056 0.0169492
1.863056 0
1.865056 0.0169492
1.867056 0
1.869056 0
1.871056 0.0333333
1.873056 0
1.875056 0.0169492
1.877056 0
1.879056 0
1.881056 0.0169492
1.883056 0
1.885056 0.0333333
1.887056 0
1.889056 0
1.891056 0.0169492
1.893056 0
1.895056 0.0333333
1.897056 0
1.899056 0
1.901056 0.0166667
1.903056 0
1.905056 0.0166667
1.907056 0
1.909056 0
1.910999 0.0327869
1.911056 0
1.913056 0
1.915056 0.0169492
1.917056 0
1.919056 0
1.921056 0.0169492
1.923056 0
1.925056 0.0333333
1.927056 0
1.929056 0
1.931056 0.0169492
1.933056 0
1.935056 0.0333333
1.937056 0
1.939056 0
1.941056 0.0169492
1.943056 0
1.945056 0.0169492
1.947056 0
1.949056 0
1.951056 0.0333333
1.953056 0
1.955056 0.0169492
1.957056 0
1.959056 0
1.961056 0.0169492
1.963056 0
1.965056 0.0333333
1.967056 0
1.969056 0
1.971056 0.0169492
1.973056 0
1.975056 0.0333333
1.977056 0
1.979056 0
1.981056 0.0169492
1.983056 0
1.985056 0.0169492
1.987056 0
1.989056 0
1.991056 0.0333333
1.993056 0
1.995056 0.0169492
1.997056 0
1.999056 0
2.001056 0.015873
2.003056 0
2.005056 0.03125
2.007056 0
2.009056 0
2.010056 0.015873
2.010056 0.015873
2.010056 0
2.010056 0
2.011056 0
2.013056 0
2.015056 0.0298507
2.017056 0
2.019056 0
2.020112 0.0151515
2.020112 0
2.020112 0
2.020112 0
2.020112 0.0153846
2.020112 0
2.020112 0
2.021056 0
2.023056 0
2.025056 0
2.027056 0
2.029056 0
2.030168 0.030303
2.030168 0
2.030168 0
2.030168 0
2.031056 0
2.031112 0
2.033056 0
2.035056 0.0166667
2.037056 0
2.039112 0
2.041056 0.0333333
2.043 0
2.043056 0
2.045056 0.0166667
2.047112 0
2.049056 0
2.051 0.0166667
2.051056 0
2.053056 0
2.055112 0.0327869
2.057056 0
2.059 0
2.059056 0
2.061 0.0166667
2.061056 0
2.063112 0
2.065056 0.0333333
2.067 0
2.067056 0
2.069 0
2.069056 0
2.071112 0.0166667
2.073056 0
2.075 0.0166667
2.075056 0
2.077 0
2.077056 0
2.079 0
2.079112 0
2.081056 0.0327869
2.083 0
2.083056 0
2.085 0.0163934
2.085056 0
2.087 0
2.087112 0
2.089056 0
2.090169 0.0166667
2.091 0
2.091056 0
2.091112 0
2.093 0
2.093056 0
2.095 0.0338983
2.095112 0
2.097056 0
2.099 0
2.099112 0
2.101 0.0169492
2.101056 0
2.103 0
2.103112 0
2.105056 0.0344828
2.107 0
2.107112 0
2.109 0
2.109056 0
2.109663 0
2.109663 0
2.111 0.0178571
2.111112 0
2.113056 0
2.115 0.0181818
2.115112 0
2.117 0
2.117112 0
2.119 0
2.119112 0
2.121056 0.037037
2.123 0
2.123112 0
2.125 0.0185185
2.125112 0
2.127 0.0181818
2.127112 0
2.129056 0
2.131 0.0185185
2.131112 0
2.133 0
2.133112 0
2.135 0.0363636
2.135112 0
2.137056 0
2.139 0
2.139112 0
2.141 0.0188679
2.141112 0
2.143 0
2.143112 0
2.145056 0.037037
2.147 0
2.147112 0.0192308
2.149 0
2.149112 0
2.151 0.0188679
2.151112 0
2.153056 0
2.153655 0
2.155 0.0196078
2.155112 0
2.157 0
2.157056 0
2.157112 0
2.159 0
2.159112 0
2.161056 0.0408163
2.163 0
2.163112 0
2.165112 0.0204082
2.167 0
2.167112 0
2.169056 0
2.171 0.0208333
2.171112 0
2.173 0
2.173112 0
2.175 0.0408163
2.175112 0
2.177056 0
2.179 0
2.179112 0
2.181 0.0212766
2.181112 0
2.183112 0
2.185056 0.0425532
2.187 0
2.187112 0
2.189 0
2.189112 0
2.191 0.0212766
2.191112 0
2.193056 0
2.195 0.0217391
2.195112 0
2.197 0
2.197112 0
2.199 0
2.199112 0
2.201056 0.0444444
2.203 0
2.203112 0
2.205 0.0222222
2.205112 0
2.207 0
2.207112 0
2.209056 0
2.211 0.0227273
2.211112 0
2.213 0
2.213112 0
2.215 0.0444444
2.215112 0
2.217056 0
2.219 0
2.219112 0
2.221 0.0222222
2.221112 0
2.223 0
2.223112 0
2.225056 0.0454545
2.226752 0
2.227 0
2.227112 0
2.229 0
2.229112 0
2.229168 0
2.231 0.0238095
2.231112 0
2.233056 0
2.235 0.0243902
2.235112 0
2.237 0
2.237168 0
2.239 0
2.239112 0
2.241056 0.05
2.243 0
2.243112 0
2.245 0.025
2.245168 0
2.247 0
2.247112 0
2.249056 0
2.251 0.025641
2.251112 0
2.253 0
2.253168 0
2.255 0.05
2.255168 0
2.257056 0
2.259 0
2.259112 0
2.261 0.0263158
2.261168 0
2.263 0
2.263168 0
2.265056 0.0540541
2.267 0
2.267112 0
2.269 0
2.269168 0
2.271 0.027027
2.271168 0
2.273056 0
2.275 0.0277778
2.275112 0
2.277 0
2.277168 0
2.279 0
2.279168 0
2.281056 0.0571429
2.283 0
2.283112 0
2.285 0.0285714
2.285168 0
2.287 0
2.287168 0
2.289056 0
2.291 0.0294118
2.291112 0
2.293 0
2.293168 0
2.295 0.0571429
2.295168 0
2.297056 0
2.299 0
2.299112 0
2.301 0.030303
2.301168 0
2.303 0
2.303168 0
2.305056 0.0625
2.307 0
2.307112 0
2.309 0
2.309168 0
2.311 0.03125
2.311168 0
2.313056 0
2.315 0.0322581
2.315112 0
2.317 0
2.317168 0
2.319 0
2.319168 0
2.321056 0.0666667
2.323 0
2.323112 0
2.325 0.0333333
2.325168 0
2.327 0
2.327168 0
2.329056 0
2.331 0.0344828
2.331112 0
2.333 0
2.333168 0
2.335 0.0666667
2.335168 0
2.337056 0
2.339 0
2.339112 0
2.341 0.0357143
2.341168 0
2.343 0
2.343168 0
2.345056 0.0740741
2.347 0
2.347112 0
2.349 0
2.349168 0
2.351 0.037037
2.351168 0
2.353056 0
2.355 0.0384615
2.355112 0
2.357 0
2.357168 0
2.359 0
2.359168 0
2.361056 0.0740741
2.363 0
2.363112 0
2.365 0.037037
2.365168 0
2.365172 0
2.367 0
2.367168 0
2.367224 0
2.369056 0
2.371 0.0416667
2.371112 0
2.373 0
2.373168 0
2.375 0.08
2.375224 0
2.377056 0
2.379 0
2.379112 0
2.381 0.0434783
2.381168 0
2.383 0
2.383224 0
2.385056 0.0909091
2.387 0
2.387112 0
2.389 0
2.389168 0
2.391 0.0454545
2.391224 0
2.393056 0
2.395 0.047619
2.395112 0
2.397 0
2.397168 0
2.399 0
2.399224 0
2.401056 0.1
2.403 0
2.403112 0
2.405 0.05
2.405168 0
2.407 0
2.407224 0
2.409056 0
2.411 0.0526316
2.411112 0
2.413 0
2.413168 0
2.415 0.1
2.415224 0
2.417056 0
2.419 0
2.419112 0
2.421 0.0555556
2.421168 0
2.423 0
2.423224 0
2.425056 0.117647
2.425112 0
2.427 0
2.427112 0
2.429 0
2.429168 0
2.431 0.0555556
2.431224 0
2.435 0.0588235
2.435112 0
2.435168 0
2.437 0
2.437168 0
2.439 0
2.439224 0
2.443 0.133333
2.443112 0
2.443168 0
2.445 0.0714286
2.445168 0
2.447 0
2.447224 0
2.451 0.0769231
2.453 0
2.453168 0
2.455 0.142857
2.455224 0
2.459 0
2.461 0.0833333
2.461168 0
2.463 0
2.463224 0
2.467 0.181818
2.469 0
2.471 0.0909091
2.471224 0
2.475 0.1
2.477 0
2.479 0
2.479224 0
2.483 0.222222
2.485 0.111111
2.487 0
2.491 0.111111
2.493 0
2.495 0.2
2.499 0
2.501 0.111111
2.503 0
2.507 0.222222
2.509 0
2.511 0.111111
2.515 0.111111
2.517 0
2.519 0
2.523 0.222222
2.525 0.111111
2.527 0
2.531 0.111111
2.533 0
2.535 0.2
2.539 0
2.541 0.111111
2.543 0
2.547 0.222222
2.549 0
2.551 0.111111
2.555 0.111111
2.557 0
2.559 0
2.563 0.222222
2.565 0.111111
2.567 0
2.571 0.111111
2.573 0
2.575 0.2
2.579 0
2.581 0.111111
2.583 0
2.587 0.222222
2.589 0
2.591 0.111111
2.595 0.111111
2.597 0
2.599 0
2.603 0.222222
2.605 0.111111
2.607 0
2.611 0.111111
2.613 0
2.615 0.2
2.619 0
2.621 0.111111
2.623 0
2.627 0.222222
2.629 0
2.631 0.111111
2.635 0.111111
2.637 0
2.639 0
2.643 0.222222
2.645 0.111111
2.647 0
2.651 0.111111
2.653 0
2.655 0.2
2.659 0
2.661 0.111111
2.663 0
2.667 0.222222
2.669 0
2.671 0.111111
2.675 0.111111
2.677 0
2.679 0
2.683 0.222222
2.685 0.111111
2.687 0
2.691 0.111111
2.693 0
2.695 0.2
2.699 0
2.701 0.111111
2.703 0
2.707 0.222222
2.709 0
2.711 0.111111
2.715 0.111111
2.717 0
2.719 0
2.723 0.222222
2.725 0.111111
2.727 0
2.731 0.111111
2.733 0
2.735 0.2
2.739 0
2.741 0.111111
2.743 0
2.747 0.222222
2.749 0
2.751 0.111111
2.755 0.111111
2.757 0
2.759 0
2.763 0.222222
2.765 0.111111
2.767 0
2.771 0.111111
2.773 0
2.775 0.2
2.779 0
2.781 0.111111
2.783 0
2.787 0.222222
2.789 0
2.791 0.111111
2.795 0.111111
2.797 0
2.799 0
2.803 0.222222
2.805 0.111111
2.807 0
2.811 0.111111
2.813 0
2.815 0.2
2.819 0
2.821 0.111111
2.823 0
2.827 0.222222
2.829 0
2.831 0.111111
2.835 0.111111
2.837 0
2.839 0
2.843 0.222222
2.845 0.111111
2.847 0
2.851 0.111111
2.853 0
2.855 0.2
2.859 0
2.861 0.111111
2.863 0
2.867 0.222222
2.869 0
2.871 0.111111
2.875 0.111111
2.877 0
2.879 0
2.883 0.222222
2.885 0.111111
2.887 0
2.891 0.111111
2.893 0
2.895 0.2
2.899 0
2.901 0.111111
2.903 0
2.907 0.222222
2.909 0
2.911 0.111111
2.915 0.111111
2.917 0
2.919 0
2.923 0.222222
2.925 0.111111
2.927 0
2.931 0.111111
2.933 0
2.935 0.2
2.939 0
2.941 0.111111
2.943 0
2.947 0.222222
2.949 0
2.951 0.111111
2.955 0.111111
2.957 0
2.959 0
2.963 0.222222
2.965 0.111111
2.967 0
2.971 0.111111
2.973 0
2.975 0.2
2.979 0
2.981 0.111111
2.983 0
2.987 0.222222
2.989 0
2.991 0.111111
2.995 0.111111
2.997 0
2.999 0
3.003 0.222222
3.005 0.111111
3.007 0
3.011 0.111111
3.013 0
3.015 0.2
3.019 0
3.021 0.111111
3.023 0
3.027 0.222222
3.029 0
3.031 0.111111
3.035 0.111111
3.037 0
3.039 0
3.043 0.222222
3.045 0.111111
3.047 0
3.051 0.111111
3.053 0
3.055 0.2
3.059 0
3.061 0.111111
3.063 0
3.067 0.222222
3.069 0
3.071 0.111111
3.075 0.111111
3.077 0
3.079 0
3.083 0.222222
3.085 0.111111
3.087 0
3.091 0.111111
3.093 0
3.095 0.2
3.099 0
3.101 0.111111
3.103 0
3.107 0.222222
3.109 0
3.111 0.111111
3.115 0.111111
3.117 0
3.119 0
3.123 0.222222
3.125 0.111111
3.127 0
3.131 0.111111
3.133 0
3.135 0.2
3.139 0
3.141 0.111111
3.143 0
3.147 0.222222
3.149 0
3.151 0.111111
3.155 0.111111
3.157 0
3.159 0
3.163 0.222222
3.165 0.111111
3.167 0
3.171 0.111111
3.173 0
3.175 0.2
3.179 0
3.181 0.111111
3.183 0
3.187 0.222222
3.189 0
3.191 0.111111
3.195 0.111111
3.197 0
3.199 0
3.203 0.222222
3.205 0.111111
3.207 0
3.211 0.111111
3.213 0
3.215 0.2
3.219 0
3.221 0.111111
3.223 0
3.227 0.222222
3.229 0
3.231 0.111111
3.235 0.111111
3.237 0
3.239 0
3.243 0.222222
3.245 0.111111
3.247 0
3.251 0.111111
3.253 0
3.255 0.2
3.259 0
3.261 0.111111
3.263 0
3.267 0.222222
3.269 0
3.271 0.111111
3.275 0.111111
3.277 0
3.279 0
3.283 0.222222
3.285 0.111111
3.287 0
3.291 0.111111
3.293 0
3.295 0.2
3.299 0
3.301 0.111111
3.303 0
3.307 0.222222
3.309 0
3.311 0.111111
3.315 0.111111
3.317 0
3.319 0
3.323 0.222222
3.325 0.111111
3.327 0
3.331 0.111111
3.333 0
3.335 0.2
3.339 0
3.341 0.111111
3.343 0
3.347 0.222222
3.349 0
3.351 0.111111
3.355 0.111111
3.357 0
3.359 0
3.363 0.222222
3.365 0.111111
3.367 0
3.371 0.111111
3.373 0
3.375 0.2
3.379 0
3.381 0.111111
3.383 0
3.387 0.222222
3.389 0
3.391 0.111111
3.395 0.111111
3.397 0
3.399 0
3.403 0.222222
3.405 0.111111
3.407 0
3.411 0.111111
3.413 0
3.415 0.2
3.419 0
3.421 0.111111
3.423 0
3.427 0.222222
3.429 0
3.431 0.111111
3.435 0.111111
3.437 0
3.439 0
3.443 0.222222
3.445 0.111111
3.447 0
3.451 0.111111
3.453 0
3.455 0.2
3.459 0
3.461 0.111111
3.463 0
3.467 0.222222
3.469 0
3.471 0.111111
3.475 0.111111
3.477 0
3.479 0
3.483 0.222222
3.485 0.111111
3.487 0
3.491 0.111111
3.493 0
3.495 0.2
3.499 0
3.501 0.111111
3.503 0
3.507 0.222222
3.509 0
3.511 0.111111
3.515 0.111111
3.517 0
3.519 0
3.523 0.222222
3.525 0.111111
3.527 0
3.531 0.111111
3.533 0
3.535 0.2
3.539 0
3.541 0.111111
3.543 0
3.547 0.222222
3.549 0
3.551 0.111111
3.555 0.111111
3.557 0
3.559 0
3.563 0.222222
3.565 0.111111
3.567 0
3.571 0.111111
3.573 0
3.575 0.2
3.579 0
3.581 0.111111
3.583 0
3.587 0.222222
3.589 0
3.591 0.111111
3.595 0.111111
3.597 0
3.599 0
3.603 0.222222
3.605 0.111111
3.607 0
3.611 0.111111
3.613 0
3.615 0.2
3.619 0
3.621 0.111111
3.623 0
3.627 0.222222
3.629 0
3.631 0.111111
3.635 0.111111
3.637 0
3.639 0
3.643 0.222222
3.645 0.111111
3.647 0
3.651 0.111111
3.653 0
3.655 0.2
3.659 0
3.661 0.111111
3.663 0
3.667 0.222222
3.669 0
3.671 0.111111
3.675 0.111111
3.677 0
3.679 0
3.683 0.222222
3.685 0.111111
3.687 0
3.691 0.111111
3.693 0
3.695 0.2
3.699 0
3.701 0.111111
3.703 0
3.707 0.222222
3.709 0
3.711 0.111111
3.715 0.111111
3.717 0
3.719 0
3.723 0.222222
3.725 0.111111
3.727 0
3.731 0.111111
3.733 0
3.735 0.2
3.739 0
3.741 0.111111
3.743 0
3.747 0.222222
3.749 0
3.751 0.111111
3.755 0.111111
3.757 0
3.759 0
3.763 0.222222
3.765 0.111111
3.767 0
3.771 0.111111
3.773 0
3.775 0.2
3.779 0
3.781 0.111111
3.783 0
3.787 0.222222
3.789 0
3.791 0.111111
3.795 0.111111
3.797 0
3.799 0
3.803 0.222222
3.805 0.111111
3.807 0
3.811 0.111111
3.813 0
3.815 0.2
3.819 0
3.821 0.111111
3.823 0
3.827 0.222222
3.829 0
3.831 0.111111
3.835 0.111111
3.837 0
3.839 0
3.843 0.222222
3.845 0.111111
3.847 0
3.851 0.111111
3.853 0
3.855 0.2
3.859 0
3.861 0.111111
3.863 0
3.867 0.222222
3.869 0
3.871 0.111111
3.875 0.111111
3.877 0
3.879 0
3.883 0.222222
3.885 0.111111
3.887 0
3.891 0.111111
3.893 0
3.895 0.2
3.899 0
3.901 0.111111
3.903 0
3.907 0.222222
3.909 0
3.911 0.111111
3.915 0.111111
3.917 0
3.919 0
3.923 0.222222
3.925 0.111111
3.927 0
3.931 0.0909091
3.933 0
3.935 0.166667
3.935692 0
3.935692 0
3.939 0
3.941 0.111111
3.943 0
3.947 0.222222
3.949 0
3.951 0.111111
3.955 0.111111
3.957 0
3.959 0.1
3.963 0.2
3.965 0.1
3.967 0
3.967026 0
3.967056 0
3.971 0.125
3.973 0
3.979 0.222222
3.981 0.111111
3.983 0
3.987 0.222222
3.989 0
3.991 0.111111
3.995 0.111111
3.997 0
3.999 0
4.003 0.222222
4.005 0.111111
4.007 0
4.011 0.111111
4.013 0
4.015 0.166667
4.019 0
4.021 0.181818
4.023 0
4.023577 0
4.027 0.222222
4.029 0
4.029056 0
4.031 0.125
4.035 0.125
4.039 0
4.043 0.25
4.045 0.125
4.047 0
4.051 0.125
4.053 0
4.059 0.181818
4.061 0.0909091
4.063 0
4.064407 0
4.064407 0
4.067 0.222222
4.069 0
4.071 0.111111
4.075 0.111111
4.077 0
4.079 0
4.083 0.222222
4.085 0.111111
4.087 0
4.091 0.111111
4.093 0
4.095 0.2
4.099 0.111111
4.101 0.1
4.103 0
4.106279 0.2
4.107 0
4.109 0
4.111 0.111111
4.115 0.111111
4.117 0
4.119 0
4.123 0.222222
4.125 0.111111
4.127 0
4.131 0.111111
4.133 0
4.135 0.2
4.139 0
4.141 0.111111
4.143 0
4.147 0.222222
4.149 0
4.151 0.111111
4.155 0.111111
4.157 0
4.159 0
4.163 0.222222
4.165 0.111111
4.167 0
4.171 0.111111
4.173 0
4.175 0.2
4.179 0
4.181 0.111111
4.183 0
4.187 0.222222
4.189 0
4.191 0.111111
4.195 0.111111
4.197 0
4.199 0
4.203 0.222222
4.205 0.111111
4.207 0
4.211 0.111111
4.213 0
4.215 0.2
4.219 0
4.221 0.111111
4.223 0
4.227 0.222222
4.229 0
4.231 0.111111
4.235 0.111111
4.237 0
4.239 0
4.243 0.222222
4.245 0.0909091
4.247 0
4.251 0.0909091
4.253 0
4.253554 0
4.253554 0
4.255 0.2
4.259 0
4.261 0.111111
4.263 0
4.267 0.222222
4.269 0
4.271 0.111111
4.275 0.111111
4.277 0
4.279 0
4.283 0.222222
4.285 0.111111
4.287 0
4.291 0.111111
4.293 0
4.295 0.2
4.299 0
4.301 0.111111
4.303 0
4.307 0.222222
4.309 0
4.311 0.111111
4.315 0.111111
4.317 0
4.319 0
4.323 0.222222
4.325 0.111111
4.327 0
4.331 0.111111
4.333 0
4.335 0.2
4.339 0
4.341 0.111111
4.343 0
4.347 0.222222
4.349 0
4.351 0.111111
4.355 0.111111
4.357 0
4.359 0
4.363 0.222222
4.365 0.111111
4.367 0
4.371 0.111111
4.373 0
4.375 0.2
4.379 0
4.381 0.111111
4.383 0
4.387 0.222222
4.389 0
4.391 0.111111
4.395 0.111111
4.397 0
4.399 0
4.403 0.222222
4.405 0.111111
4.407 0
4.411 0.111111
4.413 0
4.415 0.2
4.419 0
4.421 0.111111
4.423 0
4.427 0.222222
4.429 0
4.431 0.111111
4.435 0.111111
4.437 0
4.439 0
4.443 0.222222
4.445 0.111111
4.447 0
4.451 0.111111
4.453 0
4.455 0.2
4.459 0
4.461 0.111111
4.463 0
4.467 0.222222
4.469 0
4.471 0.111111
4.475 0.111111
4.477 0
4.479 0
4.483 0.181818
4.485 0.0909091
4.487 0
4.487984 0
4.487984 0
4.491 0.111111
4.493 0
4.495 0.2
4.499 0
4.501 0.111111
4.503 0
4.507 0
4.509 0
4.511 0
4.515 0
4.517 0
4.519 0
4.523 0
4.525 0
4.527 0
4.533 0
4.535 0
4.541 0
4.543 0
4.551 0
4.559 0
